[gd_scene load_steps=7 format=3 uid="uid://bk28lx65ha5ck"]

[ext_resource type="PackedScene" uid="uid://dbovgacj5pmv8" path="res://bean.blend" id="1_f3sb7"]
[ext_resource type="Script" uid="uid://bxwx3sy3oo3rj" path="res://bean.gd" id="1_fj7yv"]
[ext_resource type="AudioStream" uid="uid://byit7avap3ofs" path="res://bean_bleat.wav" id="3_tlwt5"]

[sub_resource type="BoxShape3D" id="BoxShape3D_fj7yv"]
size = Vector3(2.09, 3.235, 3.26)

[sub_resource type="WorldBoundaryShape3D" id="WorldBoundaryShape3D_f3sb7"]

[sub_resource type="PlaneMesh" id="PlaneMesh_fj7yv"]
size = Vector2(10, 10)

[node name="World" type="Node3D"]

[node name="Bean" type="RigidBody3D" parent="."]
transform = Transform3D(1, 0, 0, 0, 1, 0, 0, 0, 1, 0, 2.7789023, 0)
script = ExtResource("1_fj7yv")

[node name="Mesh" parent="Bean" instance=ExtResource("1_f3sb7")]
transform = Transform3D(1, 0, 0, 0, 1, 0, 0, 0, 1, 0, 0, 0.6976862)

[node name="CollisionShape3D" type="CollisionShape3D" parent="Bean"]
transform = Transform3D(1, 0, 0, 0, 1, 0, 0, 0, 1, 0, 1.5502014, 0)
shape = SubResource("BoxShape3D_fj7yv")

[node name="BumpSound" type="AudioStreamPlayer3D" parent="Bean"]
transform = Transform3D(0.611527, 0, 0.79122347, 0, 1, 0, -0.7912235, 0, 0.61152697, 0, 0, 0)
stream = ExtResource("3_tlwt5")

[node name="Floor" type="StaticBody3D" parent="."]

[node name="CollisionShape3D" type="CollisionShape3D" parent="Floor"]
shape = SubResource("WorldBoundaryShape3D_f3sb7")

[node name="MeshInstance3D" type="MeshInstance3D" parent="Floor"]
mesh = SubResource("PlaneMesh_fj7yv")

[node name="Camera3D" type="Camera3D" parent="."]
transform = Transform3D(0.7071068, 0, 0.7071068, 0, 1, 0, -0.7071068, 0, 0.7071068, 6, 4, 6)

[node name="Sun" type="DirectionalLight3D" parent="."]
transform = Transform3D(-0.1852953, -0.9330126, 0.30846876, 0.24999999, 0.25881904, 0.93301266, -0.9503503, 0.25000006, 0.18529518, 0, 0, 0)
